381.18663597106934
487.5767517089844
696.2721467018127
236.27835035324097
272.62535214424133
1173.7960150241852
339.5149471759796
470.1302762031555
2223.939800977707
2368.783430337906
2474.783002138138
2844.604865550995
1138.4413950443268
31.650786876678467
564.2837929725647
2246.0785143375397
3080.611495733261
3236.8676760196686
2676.126433610916
2644.7288403511047
27.65925431251526
2050.9052255153656
11876.221316099167
25.057512044906616
2689.2045357227325
11971.09225654602
22.04157853126526
1424.8750908374786
10253.997546434402
22.7066068649292
2141.1468782424927
10219.859938144684
